LogLRc	Log_L	LogRc	LcorrM	LogRF	Flag	Type
40.6	43.49945291	4.15	0.59	-39.34945291	0	FRI
41.4	43.4965365	0.62	-3.46	-42.8765365	0	RLQ
40.8	43.29862446	1.64	-2.16	-41.65862446	0	BLRG
41.2	43.2965365	4.41	0.97	-38.8865365	2	FRI
42.2	43.26405549	1.85	-2.03	-41.41405549	0	RLQ
42.6	43.2033471	2.44	-1.24	-40.7633471	0	RLQ
42.7	43.17437242	2.61	-0.91	-40.56437242	0	RLQ
42.4	43.12505963	1.69	-2.03	-41.43505963	0	PGQs
40.6	43.09862446	1.93	-1.31	-41.16862446	1	BLRG
41.3	43.09306177	1.19	-2.37	-41.90306177	0	RLQ
41.6	43.08604457	2.06	-1.18	-41.02604457	0	RLQ
42.6	43.07437242	3.82	0.34	-39.25437242	0	BLRG
41.9	43.07169522	1.81	-1.83	-41.26169522	0	RLQ
43.3	43.06707657	2.55	-1.29	-40.51707657	0	RLQ
42.1	43.05424251	1.86	-1.7	-41.19424251	0	RLQ
42.7	43.03491146	3.14	-0.38	-39.89491146	0	RLQ
42	42.95424251	1.49	-2.15	-41.46424251	0	PGQs
42.3	42.9033471	1.66	-2.18	-41.2433471	0	PGQs
42.9	42.89793756	2.64	-0.88	-40.25793756	0	RLQ
42.9	42.89793756	2.97	-0.43	-39.92793756	0	RLQ
41.1	42.89306177	0.76	-2.84	-42.13306177	0	PGQs
41.4	42.88604457	4.51	0.95	-38.37604457	0	FRI
41.5	42.88235685	1.22	-2.42	-41.66235685	0	PGQs
42.4	42.87437242	3.57	0.37	-39.30437242	0	BLRG
41.8	42.86405549	2.73	-0.79	-40.13405549	1	BLRG
42.2	42.8033471	1.93	-1.83	-40.8733471	0	RLQ
42.8	42.79793756	2.66	-0.86	-40.13793756	0	RLQ
42.6	42.77951917	2.98	-0.5	-39.79951917	0	RLQ
42.4	42.73491146	3.24	-0.16	-39.49491146	0	BLRG
42	42.72505963	2.54	-0.82	-40.18505963	0	BLRG
43.3	42.71317468	3.19	-0.29	-39.52317468	0	RLQ
42.1	42.7033471	2.04	-1.64	-40.6633471	0	RLQ
42.7	42.69793756	3.04	-0.6	-39.65793756	0	RLQ
41.4	42.67766933	1.7	-1.86	-40.97766933	0	RLQ
42.9	42.66707657	3.06	-0.42	-39.60707657	0	RLQ
42.9	42.66707657	2.31	-1.25	-40.35707657	0	RLQ
42.9	42.66707657	3.37	0.01	-39.29707657	0	RLQ
41.8	42.64156483	3.87	0.35	-38.77156483	0	FRI
41.1	42.58604457	0.89	-2.75	-41.69604457	0	RLQ
41.9	42.5033471	1.93	-1.59	-40.5733471	0	RLQ
41.9	42.5033471	1.77	-1.75	-40.7333471	0	RLQ
42.5	42.49793756	2.29	-1.23	-40.20793756	0	RLQ
41.1	42.48235685	2.27	-1.05	-40.21235685	0	BLRG
41.2	42.47766933	0.82	-2.9	-41.65766933	0	RLQ
41.8	42.4033471	2.32	-1.32	-40.0833471	0	BLRG
40.3	42.3965365	1.56	-1.72	-40.8365365	0	BLRG
40.4	42.39563519	1.66	-2.06	-40.73563519	0	BLRG
40.5	42.39449785	1.78	-1.78	-40.61449785	0	BLRG
40.9	42.38604457	1.18	-2.3	-41.20604457	0	RLQ
42.2	42.37951917	2.06	-1.74	-40.31951917	0	RLQ
42.6	42.36707657	2.85	-0.63	-39.51707657	0	RLQ
41.4	42.35424251	1.59	-1.81	-40.76424251	0	RLQ
41.5	42.34156483	3.01	-0.19	-39.33156483	0	BLRG
42.9	42.31317468	3.24	0.08	-39.07317468	0	RLQ
41.7	42.3033471	1.74	-1.86	-40.5633471	0	RLQ
42.3	42.29793756	2.66	-0.54	-39.63793756	0	RLQ
41	42.27766933	1.79	-1.73	-40.48766933	0	BLRG
41	42.27766933	5.28	1.84	-36.99766933	0	FRI
41.1	42.27169522	1.97	-1.71	-40.30169522	0	BLRG
42.5	42.26707657	2	-1.64	-40.26707657	0	RLQ
41.2	42.26405549	3.01	-0.47	-39.25405549	0	BLRG
41.5	42.22505963	1.53	-1.99	-40.69505963	0	RLQ
38.8	42.19982707	-0.32	-3.64	-42.51982707	0	BLRG
39.4	42.19931114	0.37	-2.99	-41.82931114	1	BLRG
40.5	42.19124707	0.8	-2.68	-41.39124707	0	RLQ
40.5	42.19124707	3.96	0.64	-38.23124707	2	FRI
40.9	42.17766933	1.31	-2.25	-40.86766933	1	RLQ
42.4	42.16707657	2.57	-0.91	-39.59707657	1	RLQ
41.1	42.16405549	2.41	-0.71	-39.75405549	0	BLRG
41.1	42.16405549	2.21	-1.31	-39.95405549	0	BLRG
41.5	42.1033471	1.6	-1.8	-40.5033471	0	RLQ
42.1	42.09793756	2.31	-1.37	-39.78793756	0	RLQ
41.9	42.07951917	3.2	-0.16	-38.87951917	0	BLRG
41.6	42.07437242	1.79	-1.85	-40.28437242	0	RLQ
42.6	42.01317468	3.18	-0.18	-38.83317468	0	BLRG
40.4	41.98895167	1.16	-2.4	-40.82895167	0	BLRG
40.8	41.97169522	1.83	-1.73	-40.14169522	0	BLRG
42.5	41.91317468	2.49	-0.99	-39.42317468	1	RLQ
40.5	41.88235685	1.87	-1.33	-40.01235685	0	BLRG
41.1	41.82505963	2.11	-1.41	-39.71505963	0	BLRG
42.3	41.71317468	2.42	-1.26	-39.29317468	1	RLQ
41.7	41.69793756	2.62	-0.5	-39.07793756	1	BLRG
40.3	41.68235685	4.16	0.52	-37.52235685	0	FRI
41.5	41.67951917	2.07	-1.41	-39.60951917	0	BLRG
39.3	41.5978179	0.37	-2.83	-41.2278179	1	BLRG
40.4	41.57169522	4.25	1.05	-37.32169522	0	FRI
42.1	41.51317468	4.35	0.71	-37.16317468	0	FRI
41.4	41.39793756	3.12	0.12	-38.27793756	0	BLRG
40.9	41.37437242	3.51	-0.05	-37.86437242	0	FRI
39.2	41.2965365	4.1	0.58	-37.1965365	0	FRI
41.1	41.27951917	1.98	-1.34	-39.29951917	0	PGQs
40.4	41.24156483	4.06	0.62	-37.18156483	0	FRI
40	41.06405549	1.98	-1.18	-39.08405549	0	BLRG
40	41.06405549	3.11	-0.21	-37.95405549	0	FRI
40.8	40.97951917	1.44	-1.92	-39.53951917	0	BLRG
40.8	40.97951917	1.75	-1.65	-39.22951917	0	PGQs
39.7	40.97766933	3.86	0.06	-37.11766933	0	FRI
39.8	40.97169522	3.46	0.06	-37.51169522	0	FRI
40.6	40.93491146	4.36	0.56	-36.57491146	0	FRI
40.3	40.9033471	-0.22	-3.54	-41.1233471	0	PGQs
39.7	40.87169522	4.32	0.8	-36.55169522	0	FRI
41.4	40.81317468	1.39	-1.57	-39.42317468	0	RLQ
38.2	40.79890773	3.32	0.12	-37.47890773	0	FRI
39.5	40.77766933	4.11	0.95	-36.66766933	2	FRI
41.3	40.71317468	1.16	-2.12	-39.55317468	0	PGQs
40	40.6033471	3.97	0.33	-36.6333471	0	FRI
39.5	40.56405549	3.7	0.26	-36.86405549	0	FRI
39.3	40.47169522	4.99	1.55	-35.48169522	0	FRI
39.1	40.27169522	3.27	0.07	-37.00169522	0	FRI
40.2	40.19793756	4.38	0.82	-35.81793756	0	FRI
39.5	40.1033471	-1.06	-4.34	-41.1633471	1	PGQs
38.9	40.07169522	-1.21	-4.25	-41.28169522	1	PGQs
40.3	40.06707657	0.2	-3	-39.86707657	0	PGQs
38.4	39.98895167	3.29	-0.19	-36.69895167	2	FRI
39.2	39.8033471	-0.56	-3.96	-40.3633471	0	PGQs
39.7	39.69793756	-0.9	-4.54	-40.59793756	1	PGQs
37.8	39.69449785	3.68	0.24	-36.01449785	2	FRI
39.2	39.67437242	-0.57	-4.01	-40.24437242	0	PGQs
39.9	39.66707657	-0.3	-3.7	-39.96707657	0	PGQs
38.7	39.54156483	3.85	0.57	-35.69156483	0	FRI
38.3	39.47169522	3.67	0.07	-35.80169522	0	FRI
38.8	39.4033471	1.74	-1.14	-37.6633471	0	SG-LINERS
39.9	39.31317468	2.38	-0.9	-36.93317468	0	BLRG
39.1	39.27951917	-0.61	-3.89	-39.88951917	0	PGQs
39.5	39.26707657	-0.47	-3.71	-39.73707657	0	PGQs
38.6	39.2033471	0.94	-1.78	-38.2633471	0	SG-LINERS
37.6	39.18895167	3.25	-0.35	-35.93895167	2	FRI
39	39.17951917	-0.92	-3.84	-40.09951917	1	PGQs
38.4	39.12505963	1.38	-1.54	-37.74505963	0	SG-LINERS
38.5	39.1033471	-0.97	-4.09	-40.0733471	0	SG-LINERS
39.1	39.09793756	-0.87	-4.23	-39.96793756	0	PGQs
38.6	39.07437242	-1.02	-4.34	-40.09437242	0	SG-LINERS
39.3	39.06707657	-0.83	-4.07	-39.89707657	0	PGQs
38	38.95424251	0.21	-3.03	-38.74424251	0	SG-LINERS
38.7	38.87951917	-0.75	-3.67	-39.62951917	0	PGQs
37.8	38.75424251	-0.62	-3.7	-39.37424251	0	SG-LINERS
38.4	38.73491146	0.17	-2.51	-38.56491146	0	SG-LINERS
38.4	38.73491146	-0.41	-3.45	-39.14491146	0	SG-LINERS
38.7	38.69793756	1.69	-1.55	-37.00793756	0	SG-LINERS
38.7	38.69793756	-0.8	-3.88	-39.49793756	0	PGQs
37.5	38.67169522	-0.27	-3.35	-38.94169522	1	SG-LINERS
38.9	38.66707657	-0.67	-3.59	-39.33707657	0	PGQs
37.9	38.62505963	0.48	-2.76	-38.14505963	0	SG-LINERS
39.2	38.61317468	-0.45	-3.61	-39.06317468	1	PGQs
38.8	38.56707657	2.59	-0.61	-35.97707657	0	SG-LINERS
38.8	38.56707657	0.67	-2.01	-37.89707657	0	SG-LINERS
38.8	38.56707657	0.11	-2.69	-38.45707657	0	PGQs
39.1	38.51317468	-1.12	-4.4	-39.63317468	1	PGQs
38.5	38.49793756	0.45	-2.59	-38.04793756	0	SG-LINERS
36.8	38.49124707	-1.38	-4.26	-39.87124707	0	SG-LINERS
38.6	38.36707657	-0.96	-4.08	-39.32707657	1	PGQs
37.3	38.36405549	0.33	-2.71	-38.03405549	1	SG-LINERS
38.9	38.31317468	-0.63	-3.79	-38.94317468	0	PGQs
37.9	38.23491146	-1.37	-4.25	-39.60491146	1	PGQs
38.8	38.21317468	-0.97	-3.97	-39.18317468	1	PGQs
38.7	38.11317468	-0.94	-4.3	-39.05317468	1	PGQs
38.7	38.11317468	-0.98	-4.02	-39.09317468	0	PGQs
38.1	38.09793756	-0.01	-2.81	-38.10793756	0	SG-LINERS
38.1	38.09793756	-0.55	-3.07	-38.64793756	1	PGQs
38.3	38.06707657	-1.13	-4.57	-39.19707657	1	PGQs
35.7	37.9978179	2.07	-0.97	-35.9278179	0	SG-LINERS
36.3	37.99124707	-0.56	-3.6	-38.55124707	0	SG-LINERS
36.8	37.97169522	0.52	-2.48	-37.45169522	0	SG-LINERS
36.9	37.96405549	1.26	-1.46	-36.70405549	0	SG-LINERS
37.2	37.92505963	-0.16	-3.12	-38.08505963	0	SG-LINERS
37	37.84156483	-0.46	-3.46	-38.30156483	0	SG-LINERS
37.5	37.83491146	1.96	-1.2	-35.87491146	0	SG-LINERS
38.3	37.71317468	1.11	-1.53	-36.60317468	0	SG-LINERS
36.5	37.67169522	1.31	-1.13	-36.36169522	0	SG-LINERS
38.2	37.61317468	-0.22	-3.18	-37.83317468	0	PGQs
36.2	37.58235685	1.64	-1.44	-35.94235685	0	SG-LINERS
38.1	37.51317468	-1.64	-4.6	-39.15317468	1	PGQs
36.5	37.34156483	0.08	-2.36	-37.26156483	0	SG-LINERS
35.6	37.08604457	0.7	-1.94	-36.38604457	0	SG-LINERS
37.2	36.96707657	-0.4	-3.16	-37.36707657	0	SG-LINERS
36.9	36.66707657	1.73	-1.39	-34.93707657	0	SG-LINERS
36.4	36.57951917	0.57	-2.03	-36.00951917	0	SG-LINERS
